{
  "advancedEditorSelectedIdentifier" : "ShaderGraphEditorPluginID",
  "openSceneRelativePaths" : [
    "Bird_With_Audio.usda",
    "DioramaAssembled.usda",
    "f_15.usda"
  ],
  "recentIdentifiers" : {
    "2EB1F640-FECD-4D0F-924F-05335506A1A1" : [

    ],
    "187B09CC-FF58-4EA9-B0C3-6E5156679E8E" : [

    ],
    "5297D9AC-B326-49EE-AE9B-4BB66765CE10" : [

    ],
    "CE465234-EBD2-4677-A87A-E42E811976A7" : [

    ],
    "E1D42338-DCD0-472B-AB9F-A7FC2854182F" : [

    ]
  },
  "sceneCameraHistory" : {
    "2EB1F640-FECD-4D0F-924F-05335506A1A1" : [
      {
        "date" : 739624460.159861,
        "title" : "Untitled",
        "transform" : [
          0.9932793,
          -5.1591787e-08,
          0.115742765,
          0,
          0.024495227,
          0.9773488,
          -0.21021228,
          0,
          -0.11312106,
          0.21163465,
          0.9707804,
          0,
          -0.12439841,
          0.26049456,
          0.97745407,
          1
        ]
      },
      {
        "date" : 739624337.295702,
        "title" : "Untitled",
        "transform" : [
          0.9932793,
          -5.1591787e-08,
          0.115742765,
          0,
          0.024495227,
          0.9773488,
          -0.21021228,
          0,
          -0.11312106,
          0.21163465,
          0.9707804,
          0,
          -0.08561134,
          0.3435621,
          0.9638646,
          1
        ]
      },
      {
        "date" : 739624334.817647,
        "title" : "Untitled",
        "transform" : [
          0.9932793,
          -5.1591787e-08,
          0.115742765,
          0,
          0.024495227,
          0.9773488,
          -0.21021228,
          0,
          -0.11312106,
          0.21163465,
          0.9707804,
          0,
          -0.33027437,
          0.40924826,
          0.92103523,
          1
        ]
      },
      {
        "date" : 739624331.923619,
        "title" : "Untitled",
        "transform" : [
          0.9932793,
          -5.1591787e-08,
          0.115742765,
          0,
          0.024495227,
          0.9773488,
          -0.21021228,
          0,
          -0.11312106,
          0.21163465,
          0.9707804,
          0,
          -0.4351998,
          0.4477541,
          0.90041417,
          1
        ]
      },
      {
        "date" : 739624327.520516,
        "title" : "Untitled",
        "transform" : [
          0.9932793,
          -5.1591787e-08,
          0.115742765,
          0,
          0.024495227,
          0.9773488,
          -0.21021228,
          0,
          -0.11312106,
          0.21163465,
          0.9707804,
          0,
          -0.047561526,
          0.10286279,
          0.48042804,
          1
        ]
      },
      {
        "date" : 739624308.422795,
        "title" : "Untitled",
        "transform" : [
          0.9932793,
          -5.1591787e-08,
          0.115742765,
          0,
          0.024495227,
          0.9773488,
          -0.21021228,
          0,
          -0.11312106,
          0.21163465,
          0.9707804,
          0,
          0.00032491237,
          0.14348926,
          0.47715127,
          1
        ]
      },
      {
        "date" : 739624166.484529,
        "title" : "Untitled",
        "transform" : [
          0.9932793,
          -5.1591787e-08,
          0.115742765,
          0,
          0.024495227,
          0.9773488,
          -0.21021228,
          0,
          -0.11312106,
          0.21163465,
          0.9707804,
          0,
          -0.02123227,
          0.04027559,
          0.49714035,
          1
        ]
      },
      {
        "date" : 739624070.592873,
        "title" : "Untitled",
        "transform" : [
          0.9932793,
          -5.1591787e-08,
          0.115742765,
          0,
          0.024495227,
          0.9773488,
          -0.21021228,
          0,
          -0.11312106,
          0.21163465,
          0.9707804,
          0,
          -0.0035168007,
          0.08968647,
          0.48843294,
          1
        ]
      },
      {
        "date" : 739623901.735412,
        "title" : "Untitled",
        "transform" : [
          0.9932793,
          -5.1591787e-08,
          0.115742765,
          0,
          0.024495227,
          0.9773488,
          -0.21021228,
          0,
          -0.11312106,
          0.21163465,
          0.9707804,
          0,
          0.020149942,
          0.14348896,
          0.47946152,
          1
        ]
      },
      {
        "date" : 739622519.048238,
        "title" : "Untitled",
        "transform" : [
          0.9932793,
          -5.1591787e-08,
          0.115742765,
          0,
          0.024495227,
          0.9773488,
          -0.21021228,
          0,
          -0.11312106,
          0.21163465,
          0.9707804,
          0,
          -0.042729218,
          0.21705596,
          0.4560966,
          1
        ]
      }
    ],
    "187B09CC-FF58-4EA9-B0C3-6E5156679E8E" : [
      {
        "date" : 739632104.234818,
        "title" : "Untitled",
        "transform" : [
          0.8554171,
          1.0298783e-07,
          -0.51793987,
          0,
          -0.15844017,
          0.95206225,
          -0.2616758,
          0,
          0.49311095,
          0.30590442,
          0.81441027,
          0,
          15.15366,
          7.9254637,
          14.668039,
          1
        ]
      },
      {
        "date" : 739632100.299613,
        "title" : "Untitled",
        "transform" : [
          0.8554169,
          1.1429152e-09,
          -0.5179401,
          0,
          -0.15844008,
          0.95206225,
          -0.26167586,
          0,
          0.49311095,
          0.30590442,
          0.81441027,
          0,
          15.15366,
          7.9254637,
          14.668039,
          1
        ]
      },
      {
        "date" : 739632077.072334,
        "title" : "Untitled",
        "transform" : [
          0.8554168,
          1.1429151e-09,
          -0.51794004,
          0,
          -0.15844008,
          0.95206225,
          -0.26167586,
          0,
          0.49311095,
          0.30590442,
          0.81441027,
          0,
          12.675625,
          2.2344275,
          18.306078,
          1
        ]
      },
      {
        "date" : 739632074.753031,
        "title" : "Untitled",
        "transform" : [
          0.85714257,
          1.993632e-09,
          -0.5150791,
          0,
          -0.2582123,
          0.86527,
          -0.42969096,
          0,
          0.44568226,
          0.5013062,
          0.74166,
          0,
          11.261353,
          6.700021,
          16.095798,
          1
        ]
      },
      {
        "date" : 739632058.363103,
        "title" : "Untitled",
        "transform" : [
          0.85714257,
          1.993632e-09,
          -0.5150791,
          0,
          -0.2582123,
          0.86527,
          -0.42969096,
          0,
          0.44568226,
          0.5013062,
          0.74166,
          0,
          -0.5548963,
          5.1234913,
          24.262102,
          1
        ]
      },
      {
        "date" : 739632030.139133,
        "title" : "Untitled",
        "transform" : [
          0.46050918,
          2.3117543e-09,
          -0.887655,
          0,
          -0.45944157,
          0.85562867,
          -0.23835513,
          0,
          0.7595029,
          0.51759034,
          0.394025,
          0,
          11.048796,
          13.212248,
          11.650684,
          1
        ]
      },
      {
        "date" : 739632016.055686,
        "title" : "Untitled",
        "transform" : [
          0.4620796,
          2.3117543e-09,
          -0.8868385,
          0,
          -0.45901895,
          0.85562867,
          -0.23916797,
          0,
          0.75880426,
          0.51759034,
          0.3953687,
          0,
          27.237478,
          26.757954,
          17.019295,
          1
        ]
      },
      {
        "date" : 739632010.733391,
        "title" : "Untitled",
        "transform" : [
          0.4620796,
          2.3117543e-09,
          -0.8868385,
          0,
          -0.45901895,
          0.85562867,
          -0.23916797,
          0,
          0.75880426,
          0.51759034,
          0.3953687,
          0,
          27.499159,
          29.101196,
          13.449445,
          1
        ]
      },
      {
        "date" : 739631991.708071,
        "title" : "Untitled",
        "transform" : [
          0.4620796,
          2.3117543e-09,
          -0.8868385,
          0,
          -0.45901895,
          0.85562867,
          -0.23916797,
          0,
          0.75880426,
          0.51759034,
          0.3953687,
          0,
          23.349722,
          30.940796,
          19.004902,
          1
        ]
      },
      {
        "date" : 739631968.27031,
        "title" : "Untitled",
        "transform" : [
          0.4620796,
          2.3117543e-09,
          -0.8868385,
          0,
          -0.45901895,
          0.85562867,
          -0.23916797,
          0,
          0.75880426,
          0.51759034,
          0.3953687,
          0,
          24.385712,
          27.309464,
          21.770498,
          1
        ]
      }
    ],
    "5297D9AC-B326-49EE-AE9B-4BB66765CE10" : [
      {
        "date" : 739557548.367625,
        "title" : "Untitled",
        "transform" : [
          0.99999994,
          0,
          -0,
          0,
          -0,
          0.8660254,
          -0.49999988,
          0,
          0,
          0.49999988,
          0.8660254,
          0,
          0,
          0.21300542,
          0.3689362,
          1
        ]
      }
    ],
    "CE465234-EBD2-4677-A87A-E42E811976A7" : [
      {
        "date" : 739635893.011591,
        "title" : "Untitled",
        "transform" : [
          0.92922115,
          -9.113137e-09,
          0.36952424,
          0,
          0.10967941,
          0.9549358,
          -0.27580443,
          0,
          -0.3528719,
          0.2968125,
          0.8873465,
          0,
          -0.16351044,
          1.511078,
          0.6863383,
          1
        ]
      },
      {
        "date" : 739635878.136271,
        "title" : "Untitled",
        "transform" : [
          0.92922115,
          -9.113137e-09,
          0.36952424,
          0,
          0.10967941,
          0.9549358,
          -0.27580443,
          0,
          -0.3528719,
          0.2968125,
          0.8873465,
          0,
          -0.13076639,
          1.6857457,
          0.64093465,
          1
        ]
      },
      {
        "date" : 739635871.969896,
        "title" : "Untitled",
        "transform" : [
          0.92922115,
          -9.113137e-09,
          0.36952424,
          0,
          0.10967941,
          0.9549358,
          -0.27580443,
          0,
          -0.3528719,
          0.2968125,
          0.8873465,
          0,
          0.019939184,
          1.9298306,
          0.6192208,
          1
        ]
      },
      {
        "date" : 739635853.928827,
        "title" : "Untitled",
        "transform" : [
          0.92922115,
          -9.113137e-09,
          0.36952424,
          0,
          0.10967941,
          0.9549358,
          -0.27580443,
          0,
          -0.3528719,
          0.2968125,
          0.8873465,
          0,
          -0.7481746,
          1.6999496,
          0.39065832,
          1
        ]
      },
      {
        "date" : 739635802.33414,
        "title" : "Untitled",
        "transform" : [
          0.92922115,
          -9.113137e-09,
          0.36952424,
          0,
          0.10967941,
          0.9549358,
          -0.27580443,
          0,
          -0.3528719,
          0.2968125,
          0.8873465,
          0,
          -0.8592113,
          2.4954886,
          2.073946,
          1
        ]
      },
      {
        "date" : 739635800.43216,
        "title" : "Untitled",
        "transform" : [
          0.92922115,
          -9.113137e-09,
          0.36952424,
          0,
          0.10967941,
          0.9549358,
          -0.27580443,
          0,
          -0.3528719,
          0.2968125,
          0.8873465,
          0,
          -0.718336,
          2.3769944,
          1.7196957,
          1
        ]
      },
      {
        "date" : 739635748.008677,
        "title" : "Untitled",
        "transform" : [
          0.92922115,
          -9.113137e-09,
          0.36952424,
          0,
          0.10967941,
          0.9549358,
          -0.27580443,
          0,
          -0.3528719,
          0.2968125,
          0.8873465,
          0,
          -0.5277878,
          1.4231802,
          1.7294682,
          1
        ]
      },
      {
        "date" : 739635613.923987,
        "title" : "Untitled",
        "transform" : [
          0.92922115,
          -6.056222e-09,
          0.3695242,
          0,
          0.10967939,
          0.9549358,
          -0.27580443,
          0,
          -0.35287187,
          0.2968125,
          0.8873465,
          0,
          -0.52778786,
          1.4231802,
          1.7294682,
          1
        ]
      },
      {
        "date" : 739634477.547274,
        "title" : "Untitled",
        "transform" : [
          0.92922115,
          3.5578918e-10,
          0.3695242,
          0,
          0.1096794,
          0.9549357,
          -0.27580443,
          0,
          -0.3528719,
          0.2968125,
          0.88734645,
          0,
          -0.303873,
          1.575465,
          1.484205,
          1
        ]
      },
      {
        "date" : 739634442.834149,
        "title" : "Untitled",
        "transform" : [
          0.92922115,
          3.5578918e-10,
          0.3695242,
          0,
          0.1096794,
          0.9549357,
          -0.27580443,
          0,
          -0.3528719,
          0.2968125,
          0.88734645,
          0,
          -0.30299187,
          1.4455314,
          1.5280175,
          1
        ]
      }
    ],
    "E1D42338-DCD0-472B-AB9F-A7FC2854182F" : [
      {
        "date" : 739636219.780163,
        "title" : "Untitled",
        "transform" : [
          1,
          0,
          0,
          0,
          0,
          0.7071069,
          -0.70710677,
          0,
          0,
          0.70710677,
          0.7071069,
          0,
          0.181034,
          3.0229716,
          1.5636153,
          1
        ]
      },
      {
        "date" : 739636095.765682,
        "title" : "Untitled",
        "transform" : [
          1,
          0,
          0,
          0,
          0,
          0.7071069,
          -0.70710677,
          0,
          0,
          0.70710677,
          0.7071069,
          0,
          0.16329592,
          2.3704016,
          1.6407326,
          1
        ]
      },
      {
        "date" : 739636022.438274,
        "title" : "Untitled",
        "transform" : [
          1,
          0,
          0,
          0,
          0,
          0.7071069,
          -0.70710677,
          0,
          0,
          0.70710677,
          0.7071069,
          0,
          -0.036950797,
          2.5921426,
          1.4189914,
          1
        ]
      },
      {
        "date" : 739635494.193593,
        "title" : "Untitled",
        "transform" : [
          1,
          0,
          0,
          0,
          0,
          0.7071069,
          -0.70710677,
          0,
          0,
          0.70710677,
          0.7071069,
          0,
          -0.044486105,
          2.6720695,
          1.3390646,
          1
        ]
      },
      {
        "date" : 739635487.918689,
        "title" : "Untitled",
        "transform" : [
          1,
          0,
          0,
          0,
          0,
          0.7071069,
          -0.70710677,
          0,
          0,
          0.70710677,
          0.7071069,
          0,
          -0.053984582,
          2.6264024,
          1.3847321,
          1
        ]
      },
      {
        "date" : 739635480.06292,
        "title" : "Untitled",
        "transform" : [
          1,
          0,
          0,
          0,
          0,
          0.7071069,
          -0.70710677,
          0,
          0,
          0.70710677,
          0.7071069,
          0,
          -0.024884999,
          2.7982712,
          1.2128633,
          1
        ]
      },
      {
        "date" : 739635250.594784,
        "title" : "Untitled",
        "transform" : [
          1,
          0,
          0,
          0,
          0,
          0.7071069,
          -0.70710677,
          0,
          0,
          0.70710677,
          0.7071069,
          0,
          0.05114621,
          2.5294638,
          1.4816705,
          1
        ]
      },
      {
        "date" : 739635059.037844,
        "title" : "Untitled",
        "transform" : [
          1,
          0,
          0,
          0,
          0,
          0.7071069,
          -0.70710677,
          0,
          0,
          0.70710677,
          0.7071069,
          0,
          0.6677432,
          2.2174633,
          1.7936705,
          1
        ]
      },
      {
        "date" : 739635047.548546,
        "title" : "Untitled",
        "transform" : [
          1,
          0,
          0,
          0,
          0,
          0.7071069,
          -0.70710677,
          0,
          0,
          0.70710677,
          0.7071069,
          0,
          0.95965576,
          2.1337013,
          1.8774326,
          1
        ]
      },
      {
        "date" : 739635014.071144,
        "title" : "Untitled",
        "transform" : [
          1,
          0,
          0,
          0,
          0,
          0.7071069,
          -0.70710677,
          0,
          0,
          0.70710677,
          0.7071069,
          0,
          0.7777364,
          2.0798564,
          1.9312775,
          1
        ]
      }
    ]
  },
  "selectedSceneRelativePath" : "DioramaAssembled.usda"
}