{
  "advancedEditorSelectedIdentifier" : "ProjectBrowser",
  "openSceneRelativePaths" : [
    "Bird_With_Audio.usda",
    "DioramaAssembled.usda",
    "f_15.usda"
  ],
  "recentIdentifiers" : {
    "2EB1F640-FECD-4D0F-924F-05335506A1A1" : [

    ],
    "187B09CC-FF58-4EA9-B0C3-6E5156679E8E" : [

    ],
    "5297D9AC-B326-49EE-AE9B-4BB66765CE10" : [

    ],
    "CE465234-EBD2-4677-A87A-E42E811976A7" : [

    ],
    "E1D42338-DCD0-472B-AB9F-A7FC2854182F" : [

    ]
  },
  "sceneCameraHistory" : {
    "2EB1F640-FECD-4D0F-924F-05335506A1A1" : [
      {
        "date" : 739624460.159861,
        "title" : "Untitled",
        "transform" : [
          0.9932793,
          -5.1591787e-08,
          0.115742765,
          0,
          0.024495227,
          0.9773488,
          -0.21021228,
          0,
          -0.11312106,
          0.21163465,
          0.9707804,
          0,
          -0.12439841,
          0.26049456,
          0.97745407,
          1
        ]
      },
      {
        "date" : 739624337.295702,
        "title" : "Untitled",
        "transform" : [
          0.9932793,
          -5.1591787e-08,
          0.115742765,
          0,
          0.024495227,
          0.9773488,
          -0.21021228,
          0,
          -0.11312106,
          0.21163465,
          0.9707804,
          0,
          -0.08561134,
          0.3435621,
          0.9638646,
          1
        ]
      },
      {
        "date" : 739624334.817647,
        "title" : "Untitled",
        "transform" : [
          0.9932793,
          -5.1591787e-08,
          0.115742765,
          0,
          0.024495227,
          0.9773488,
          -0.21021228,
          0,
          -0.11312106,
          0.21163465,
          0.9707804,
          0,
          -0.33027437,
          0.40924826,
          0.92103523,
          1
        ]
      },
      {
        "date" : 739624331.923619,
        "title" : "Untitled",
        "transform" : [
          0.9932793,
          -5.1591787e-08,
          0.115742765,
          0,
          0.024495227,
          0.9773488,
          -0.21021228,
          0,
          -0.11312106,
          0.21163465,
          0.9707804,
          0,
          -0.4351998,
          0.4477541,
          0.90041417,
          1
        ]
      },
      {
        "date" : 739624327.520516,
        "title" : "Untitled",
        "transform" : [
          0.9932793,
          -5.1591787e-08,
          0.115742765,
          0,
          0.024495227,
          0.9773488,
          -0.21021228,
          0,
          -0.11312106,
          0.21163465,
          0.9707804,
          0,
          -0.047561526,
          0.10286279,
          0.48042804,
          1
        ]
      },
      {
        "date" : 739624308.422795,
        "title" : "Untitled",
        "transform" : [
          0.9932793,
          -5.1591787e-08,
          0.115742765,
          0,
          0.024495227,
          0.9773488,
          -0.21021228,
          0,
          -0.11312106,
          0.21163465,
          0.9707804,
          0,
          0.00032491237,
          0.14348926,
          0.47715127,
          1
        ]
      },
      {
        "date" : 739624166.484529,
        "title" : "Untitled",
        "transform" : [
          0.9932793,
          -5.1591787e-08,
          0.115742765,
          0,
          0.024495227,
          0.9773488,
          -0.21021228,
          0,
          -0.11312106,
          0.21163465,
          0.9707804,
          0,
          -0.02123227,
          0.04027559,
          0.49714035,
          1
        ]
      },
      {
        "date" : 739624070.592873,
        "title" : "Untitled",
        "transform" : [
          0.9932793,
          -5.1591787e-08,
          0.115742765,
          0,
          0.024495227,
          0.9773488,
          -0.21021228,
          0,
          -0.11312106,
          0.21163465,
          0.9707804,
          0,
          -0.0035168007,
          0.08968647,
          0.48843294,
          1
        ]
      },
      {
        "date" : 739623901.735412,
        "title" : "Untitled",
        "transform" : [
          0.9932793,
          -5.1591787e-08,
          0.115742765,
          0,
          0.024495227,
          0.9773488,
          -0.21021228,
          0,
          -0.11312106,
          0.21163465,
          0.9707804,
          0,
          0.020149942,
          0.14348896,
          0.47946152,
          1
        ]
      },
      {
        "date" : 739622519.048238,
        "title" : "Untitled",
        "transform" : [
          0.9932793,
          -5.1591787e-08,
          0.115742765,
          0,
          0.024495227,
          0.9773488,
          -0.21021228,
          0,
          -0.11312106,
          0.21163465,
          0.9707804,
          0,
          -0.042729218,
          0.21705596,
          0.4560966,
          1
        ]
      }
    ],
    "187B09CC-FF58-4EA9-B0C3-6E5156679E8E" : [
      {
        "date" : 739632104.234818,
        "title" : "Untitled",
        "transform" : [
          0.8554171,
          1.0298783e-07,
          -0.51793987,
          0,
          -0.15844017,
          0.95206225,
          -0.2616758,
          0,
          0.49311095,
          0.30590442,
          0.81441027,
          0,
          15.15366,
          7.9254637,
          14.668039,
          1
        ]
      },
      {
        "date" : 739632100.299613,
        "title" : "Untitled",
        "transform" : [
          0.8554169,
          1.1429152e-09,
          -0.5179401,
          0,
          -0.15844008,
          0.95206225,
          -0.26167586,
          0,
          0.49311095,
          0.30590442,
          0.81441027,
          0,
          15.15366,
          7.9254637,
          14.668039,
          1
        ]
      },
      {
        "date" : 739632077.072334,
        "title" : "Untitled",
        "transform" : [
          0.8554168,
          1.1429151e-09,
          -0.51794004,
          0,
          -0.15844008,
          0.95206225,
          -0.26167586,
          0,
          0.49311095,
          0.30590442,
          0.81441027,
          0,
          12.675625,
          2.2344275,
          18.306078,
          1
        ]
      },
      {
        "date" : 739632074.753031,
        "title" : "Untitled",
        "transform" : [
          0.85714257,
          1.993632e-09,
          -0.5150791,
          0,
          -0.2582123,
          0.86527,
          -0.42969096,
          0,
          0.44568226,
          0.5013062,
          0.74166,
          0,
          11.261353,
          6.700021,
          16.095798,
          1
        ]
      },
      {
        "date" : 739632058.363103,
        "title" : "Untitled",
        "transform" : [
          0.85714257,
          1.993632e-09,
          -0.5150791,
          0,
          -0.2582123,
          0.86527,
          -0.42969096,
          0,
          0.44568226,
          0.5013062,
          0.74166,
          0,
          -0.5548963,
          5.1234913,
          24.262102,
          1
        ]
      },
      {
        "date" : 739632030.139133,
        "title" : "Untitled",
        "transform" : [
          0.46050918,
          2.3117543e-09,
          -0.887655,
          0,
          -0.45944157,
          0.85562867,
          -0.23835513,
          0,
          0.7595029,
          0.51759034,
          0.394025,
          0,
          11.048796,
          13.212248,
          11.650684,
          1
        ]
      },
      {
        "date" : 739632016.055686,
        "title" : "Untitled",
        "transform" : [
          0.4620796,
          2.3117543e-09,
          -0.8868385,
          0,
          -0.45901895,
          0.85562867,
          -0.23916797,
          0,
          0.75880426,
          0.51759034,
          0.3953687,
          0,
          27.237478,
          26.757954,
          17.019295,
          1
        ]
      },
      {
        "date" : 739632010.733391,
        "title" : "Untitled",
        "transform" : [
          0.4620796,
          2.3117543e-09,
          -0.8868385,
          0,
          -0.45901895,
          0.85562867,
          -0.23916797,
          0,
          0.75880426,
          0.51759034,
          0.3953687,
          0,
          27.499159,
          29.101196,
          13.449445,
          1
        ]
      },
      {
        "date" : 739631991.708071,
        "title" : "Untitled",
        "transform" : [
          0.4620796,
          2.3117543e-09,
          -0.8868385,
          0,
          -0.45901895,
          0.85562867,
          -0.23916797,
          0,
          0.75880426,
          0.51759034,
          0.3953687,
          0,
          23.349722,
          30.940796,
          19.004902,
          1
        ]
      },
      {
        "date" : 739631968.27031,
        "title" : "Untitled",
        "transform" : [
          0.4620796,
          2.3117543e-09,
          -0.8868385,
          0,
          -0.45901895,
          0.85562867,
          -0.23916797,
          0,
          0.75880426,
          0.51759034,
          0.3953687,
          0,
          24.385712,
          27.309464,
          21.770498,
          1
        ]
      }
    ],
    "5297D9AC-B326-49EE-AE9B-4BB66765CE10" : [
      {
        "date" : 739557548.367625,
        "title" : "Untitled",
        "transform" : [
          0.99999994,
          0,
          -0,
          0,
          -0,
          0.8660254,
          -0.49999988,
          0,
          0,
          0.49999988,
          0.8660254,
          0,
          0,
          0.21300542,
          0.3689362,
          1
        ]
      }
    ],
    "CE465234-EBD2-4677-A87A-E42E811976A7" : [
      {
        "date" : 739681821.081546,
        "title" : "Untitled",
        "transform" : [
          0.92558557,
          -9.113137e-09,
          0.37853852,
          0,
          0.11235496,
          0.9549358,
          -0.27472535,
          0,
          -0.36147994,
          0.2968125,
          0.8838748,
          0,
          -0.21319824,
          1.7554114,
          0.94113463,
          1
        ]
      },
      {
        "date" : 739681812.515875,
        "title" : "Untitled",
        "transform" : [
          0.92558557,
          -9.113137e-09,
          0.37853852,
          0,
          0.11235496,
          0.9549358,
          -0.27472535,
          0,
          -0.36147994,
          0.2968125,
          0.8838748,
          0,
          -0.51396805,
          1.2779849,
          0.9784522,
          1
        ]
      },
      {
        "date" : 739681794.1418,
        "title" : "Untitled",
        "transform" : [
          0.92558557,
          -9.113137e-09,
          0.37853852,
          0,
          0.11235496,
          0.9549358,
          -0.27472535,
          0,
          -0.36147994,
          0.2968125,
          0.8838748,
          0,
          -0.27299473,
          1.6919596,
          0.93798727,
          1
        ]
      },
      {
        "date" : 739681792.614799,
        "title" : "Untitled",
        "transform" : [
          0.92558557,
          -9.113137e-09,
          0.37853852,
          0,
          0.11235496,
          0.9549358,
          -0.27472535,
          0,
          -0.36147994,
          0.2968125,
          0.8838748,
          0,
          -0.17691818,
          1.6085911,
          1.0052757,
          1
        ]
      },
      {
        "date" : 739681789.132154,
        "title" : "Untitled",
        "transform" : [
          0.92558557,
          -9.113137e-09,
          0.37853852,
          0,
          0.11235496,
          0.9549358,
          -0.27472535,
          0,
          -0.36147994,
          0.2968125,
          0.8838748,
          0,
          -0.0162704,
          1.3872312,
          1.1453106,
          1
        ]
      },
      {
        "date" : 739681783.633048,
        "title" : "Untitled",
        "transform" : [
          0.92558557,
          -9.113137e-09,
          0.37853852,
          0,
          0.11235496,
          0.9549358,
          -0.27472535,
          0,
          -0.36147994,
          0.2968125,
          0.8838748,
          0,
          0.38763773,
          1.1256245,
          1.3983474,
          1
        ]
      },
      {
        "date" : 739681754.941443,
        "title" : "Untitled",
        "transform" : [
          0.92558557,
          -9.113137e-09,
          0.37853852,
          0,
          0.11235496,
          0.9549358,
          -0.27472535,
          0,
          -0.36147994,
          0.2968125,
          0.8838748,
          0,
          -0.10520017,
          1.9955448,
          0.9046639,
          1
        ]
      },
      {
        "date" : 739681750.655034,
        "title" : "Untitled",
        "transform" : [
          0.92558557,
          -9.113137e-09,
          0.37853852,
          0,
          0.11235496,
          0.9549358,
          -0.27472535,
          0,
          -0.36147994,
          0.2968125,
          0.8838748,
          0,
          0.4398587,
          1.5479953,
          -0.42809033,
          1
        ]
      },
      {
        "date" : 739681730.829698,
        "title" : "Untitled",
        "transform" : [
          0.92558557,
          -9.113137e-09,
          0.37853852,
          0,
          0.11235496,
          0.9549358,
          -0.27472535,
          0,
          -0.36147994,
          0.2968125,
          0.8838748,
          0,
          -0.4503839,
          2.2789733,
          1.7486935,
          1
        ]
      },
      {
        "date" : 739680781.74967,
        "title" : "Untitled",
        "transform" : [
          0.92558557,
          -9.113137e-09,
          0.37853852,
          0,
          0.11235496,
          0.9549358,
          -0.27472535,
          0,
          -0.36147994,
          0.2968125,
          0.8838748,
          0,
          -1.1414808,
          1.4606202,
          1.7408636,
          1
        ]
      }
    ],
    "E1D42338-DCD0-472B-AB9F-A7FC2854182F" : [
      {
        "date" : 739681727.225092,
        "title" : "Untitled",
        "transform" : [
          1,
          0,
          0,
          0,
          0,
          0.7071069,
          -0.70710677,
          0,
          0,
          0.70710677,
          0.7071069,
          0,
          0.504311,
          3.0882475,
          2.2785492,
          1
        ]
      },
      {
        "date" : 739681305.693906,
        "title" : "Untitled",
        "transform" : [
          1,
          0,
          0,
          0,
          0,
          0.7071069,
          -0.70710677,
          0,
          0,
          0.70710677,
          0.7071069,
          0,
          0.05864726,
          2.7584608,
          2.6083364,
          1
        ]
      },
      {
        "date" : 739681295.850556,
        "title" : "Untitled",
        "transform" : [
          1,
          0,
          0,
          0,
          0,
          0.7071069,
          -0.70710677,
          0,
          0,
          0.70710677,
          0.7071069,
          0,
          1.634404,
          1.8532983,
          2.0454438,
          1
        ]
      },
      {
        "date" : 739681200.171952,
        "title" : "Untitled",
        "transform" : [
          1,
          0,
          0,
          0,
          0,
          0.7071069,
          -0.70710677,
          0,
          0,
          0.70710677,
          0.7071069,
          0,
          0.34532157,
          2.0086713,
          1.8900701,
          1
        ]
      },
      {
        "date" : 739681193.06366,
        "title" : "Untitled",
        "transform" : [
          1,
          0,
          0,
          0,
          0,
          0.7071069,
          -0.70710677,
          0,
          0,
          0.70710677,
          0.7071069,
          0,
          0.23118442,
          2.8586683,
          1.0400733,
          1
        ]
      },
      {
        "date" : 739681186.863248,
        "title" : "Untitled",
        "transform" : [
          1,
          0,
          0,
          0,
          0,
          0.7071069,
          -0.70710677,
          0,
          0,
          0.70710677,
          0.7071069,
          0,
          0.15061544,
          2.2371798,
          1.6615614,
          1
        ]
      },
      {
        "date" : 739681182.452168,
        "title" : "Untitled",
        "transform" : [
          1,
          0,
          0,
          0,
          0,
          0.7071069,
          -0.70710677,
          0,
          0,
          0.70710677,
          0.7071069,
          0,
          -0.09108774,
          2.0973418,
          1.8013992,
          1
        ]
      },
      {
        "date" : 739681178.580553,
        "title" : "Untitled",
        "transform" : [
          1,
          0,
          0,
          0,
          0,
          0.7071069,
          -0.70710677,
          0,
          0,
          0.70710677,
          0.7071069,
          0,
          -0.05692102,
          3.0140865,
          0.88465416,
          1
        ]
      },
      {
        "date" : 739681175.61856,
        "title" : "Untitled",
        "transform" : [
          1,
          0,
          0,
          0,
          0,
          0.7071069,
          -0.70710677,
          0,
          0,
          0.70710677,
          0.7071069,
          0,
          0.08490513,
          2.8564937,
          1.042247,
          1
        ]
      },
      {
        "date" : 739681168.691701,
        "title" : "Untitled",
        "transform" : [
          1,
          0,
          0,
          0,
          0,
          0.7071069,
          -0.70710677,
          0,
          0,
          0.70710677,
          0.7071069,
          0,
          0.065605044,
          3.3896348,
          0.5091059,
          1
        ]
      }
    ]
  },
  "selectedSceneRelativePath" : "f_15.usda"
}