{
  "advancedEditorSelectedIdentifier" : "ProjectBrowser",
  "openSceneRelativePaths" : [
    "Bird_With_Audio.usda",
    "DioramaAssembled.usda"
  ],
  "recentIdentifiers" : {
    "2EB1F640-FECD-4D0F-924F-05335506A1A1" : [

    ],
    "187B09CC-FF58-4EA9-B0C3-6E5156679E8E" : [

    ],
    "5297D9AC-B326-49EE-AE9B-4BB66765CE10" : [

    ],
    "CE465234-EBD2-4677-A87A-E42E811976A7" : [

    ],
    "E1D42338-DCD0-472B-AB9F-A7FC2854182F" : [

    ]
  },
  "sceneCameraHistory" : {
    "2EB1F640-FECD-4D0F-924F-05335506A1A1" : [
      {
        "date" : 739624460.159861,
        "title" : "Untitled",
        "transform" : [
          0.9932793,
          -5.1591787e-08,
          0.115742765,
          0,
          0.024495227,
          0.9773488,
          -0.21021228,
          0,
          -0.11312106,
          0.21163465,
          0.9707804,
          0,
          -0.12439841,
          0.26049456,
          0.97745407,
          1
        ]
      },
      {
        "date" : 739624337.295702,
        "title" : "Untitled",
        "transform" : [
          0.9932793,
          -5.1591787e-08,
          0.115742765,
          0,
          0.024495227,
          0.9773488,
          -0.21021228,
          0,
          -0.11312106,
          0.21163465,
          0.9707804,
          0,
          -0.08561134,
          0.3435621,
          0.9638646,
          1
        ]
      },
      {
        "date" : 739624334.817647,
        "title" : "Untitled",
        "transform" : [
          0.9932793,
          -5.1591787e-08,
          0.115742765,
          0,
          0.024495227,
          0.9773488,
          -0.21021228,
          0,
          -0.11312106,
          0.21163465,
          0.9707804,
          0,
          -0.33027437,
          0.40924826,
          0.92103523,
          1
        ]
      },
      {
        "date" : 739624331.923619,
        "title" : "Untitled",
        "transform" : [
          0.9932793,
          -5.1591787e-08,
          0.115742765,
          0,
          0.024495227,
          0.9773488,
          -0.21021228,
          0,
          -0.11312106,
          0.21163465,
          0.9707804,
          0,
          -0.4351998,
          0.4477541,
          0.90041417,
          1
        ]
      },
      {
        "date" : 739624327.520516,
        "title" : "Untitled",
        "transform" : [
          0.9932793,
          -5.1591787e-08,
          0.115742765,
          0,
          0.024495227,
          0.9773488,
          -0.21021228,
          0,
          -0.11312106,
          0.21163465,
          0.9707804,
          0,
          -0.047561526,
          0.10286279,
          0.48042804,
          1
        ]
      },
      {
        "date" : 739624308.422795,
        "title" : "Untitled",
        "transform" : [
          0.9932793,
          -5.1591787e-08,
          0.115742765,
          0,
          0.024495227,
          0.9773488,
          -0.21021228,
          0,
          -0.11312106,
          0.21163465,
          0.9707804,
          0,
          0.00032491237,
          0.14348926,
          0.47715127,
          1
        ]
      },
      {
        "date" : 739624166.484529,
        "title" : "Untitled",
        "transform" : [
          0.9932793,
          -5.1591787e-08,
          0.115742765,
          0,
          0.024495227,
          0.9773488,
          -0.21021228,
          0,
          -0.11312106,
          0.21163465,
          0.9707804,
          0,
          -0.02123227,
          0.04027559,
          0.49714035,
          1
        ]
      },
      {
        "date" : 739624070.592873,
        "title" : "Untitled",
        "transform" : [
          0.9932793,
          -5.1591787e-08,
          0.115742765,
          0,
          0.024495227,
          0.9773488,
          -0.21021228,
          0,
          -0.11312106,
          0.21163465,
          0.9707804,
          0,
          -0.0035168007,
          0.08968647,
          0.48843294,
          1
        ]
      },
      {
        "date" : 739623901.735412,
        "title" : "Untitled",
        "transform" : [
          0.9932793,
          -5.1591787e-08,
          0.115742765,
          0,
          0.024495227,
          0.9773488,
          -0.21021228,
          0,
          -0.11312106,
          0.21163465,
          0.9707804,
          0,
          0.020149942,
          0.14348896,
          0.47946152,
          1
        ]
      },
      {
        "date" : 739622519.048238,
        "title" : "Untitled",
        "transform" : [
          0.9932793,
          -5.1591787e-08,
          0.115742765,
          0,
          0.024495227,
          0.9773488,
          -0.21021228,
          0,
          -0.11312106,
          0.21163465,
          0.9707804,
          0,
          -0.042729218,
          0.21705596,
          0.4560966,
          1
        ]
      }
    ],
    "187B09CC-FF58-4EA9-B0C3-6E5156679E8E" : [
      {
        "date" : 739632104.234818,
        "title" : "Untitled",
        "transform" : [
          0.8554171,
          1.0298783e-07,
          -0.51793987,
          0,
          -0.15844017,
          0.95206225,
          -0.2616758,
          0,
          0.49311095,
          0.30590442,
          0.81441027,
          0,
          15.15366,
          7.9254637,
          14.668039,
          1
        ]
      },
      {
        "date" : 739632100.299613,
        "title" : "Untitled",
        "transform" : [
          0.8554169,
          1.1429152e-09,
          -0.5179401,
          0,
          -0.15844008,
          0.95206225,
          -0.26167586,
          0,
          0.49311095,
          0.30590442,
          0.81441027,
          0,
          15.15366,
          7.9254637,
          14.668039,
          1
        ]
      },
      {
        "date" : 739632077.072334,
        "title" : "Untitled",
        "transform" : [
          0.8554168,
          1.1429151e-09,
          -0.51794004,
          0,
          -0.15844008,
          0.95206225,
          -0.26167586,
          0,
          0.49311095,
          0.30590442,
          0.81441027,
          0,
          12.675625,
          2.2344275,
          18.306078,
          1
        ]
      },
      {
        "date" : 739632074.753031,
        "title" : "Untitled",
        "transform" : [
          0.85714257,
          1.993632e-09,
          -0.5150791,
          0,
          -0.2582123,
          0.86527,
          -0.42969096,
          0,
          0.44568226,
          0.5013062,
          0.74166,
          0,
          11.261353,
          6.700021,
          16.095798,
          1
        ]
      },
      {
        "date" : 739632058.363103,
        "title" : "Untitled",
        "transform" : [
          0.85714257,
          1.993632e-09,
          -0.5150791,
          0,
          -0.2582123,
          0.86527,
          -0.42969096,
          0,
          0.44568226,
          0.5013062,
          0.74166,
          0,
          -0.5548963,
          5.1234913,
          24.262102,
          1
        ]
      },
      {
        "date" : 739632030.139133,
        "title" : "Untitled",
        "transform" : [
          0.46050918,
          2.3117543e-09,
          -0.887655,
          0,
          -0.45944157,
          0.85562867,
          -0.23835513,
          0,
          0.7595029,
          0.51759034,
          0.394025,
          0,
          11.048796,
          13.212248,
          11.650684,
          1
        ]
      },
      {
        "date" : 739632016.055686,
        "title" : "Untitled",
        "transform" : [
          0.4620796,
          2.3117543e-09,
          -0.8868385,
          0,
          -0.45901895,
          0.85562867,
          -0.23916797,
          0,
          0.75880426,
          0.51759034,
          0.3953687,
          0,
          27.237478,
          26.757954,
          17.019295,
          1
        ]
      },
      {
        "date" : 739632010.733391,
        "title" : "Untitled",
        "transform" : [
          0.4620796,
          2.3117543e-09,
          -0.8868385,
          0,
          -0.45901895,
          0.85562867,
          -0.23916797,
          0,
          0.75880426,
          0.51759034,
          0.3953687,
          0,
          27.499159,
          29.101196,
          13.449445,
          1
        ]
      },
      {
        "date" : 739631991.708071,
        "title" : "Untitled",
        "transform" : [
          0.4620796,
          2.3117543e-09,
          -0.8868385,
          0,
          -0.45901895,
          0.85562867,
          -0.23916797,
          0,
          0.75880426,
          0.51759034,
          0.3953687,
          0,
          23.349722,
          30.940796,
          19.004902,
          1
        ]
      },
      {
        "date" : 739631968.27031,
        "title" : "Untitled",
        "transform" : [
          0.4620796,
          2.3117543e-09,
          -0.8868385,
          0,
          -0.45901895,
          0.85562867,
          -0.23916797,
          0,
          0.75880426,
          0.51759034,
          0.3953687,
          0,
          24.385712,
          27.309464,
          21.770498,
          1
        ]
      }
    ],
    "5297D9AC-B326-49EE-AE9B-4BB66765CE10" : [
      {
        "date" : 739557548.367625,
        "title" : "Untitled",
        "transform" : [
          0.99999994,
          0,
          -0,
          0,
          -0,
          0.8660254,
          -0.49999988,
          0,
          0,
          0.49999988,
          0.8660254,
          0,
          0,
          0.21300542,
          0.3689362,
          1
        ]
      }
    ],
    "CE465234-EBD2-4677-A87A-E42E811976A7" : [
      {
        "date" : 739626531.101225,
        "title" : "Untitled",
        "transform" : [
          -0.8348306,
          1.25657085e-08,
          0.550507,
          0,
          0.10294068,
          0.9823613,
          0.15610704,
          0,
          -0.54079676,
          0.1869925,
          -0.8201052,
          0,
          -6.437195,
          1.8847837,
          -14.465612,
          1
        ]
      },
      {
        "date" : 739625364.729014,
        "title" : "Untitled",
        "transform" : [
          -0.8348306,
          1.25657085e-08,
          0.550507,
          0,
          0.10294068,
          0.9823613,
          0.15610704,
          0,
          -0.54079676,
          0.1869925,
          -0.8201052,
          0,
          -5.4567795,
          5.7063646,
          -14.240768,
          1
        ]
      },
      {
        "date" : 739625353.201775,
        "title" : "Untitled",
        "transform" : [
          -0.8348306,
          1.25657085e-08,
          0.550507,
          0,
          0.10294068,
          0.9823613,
          0.15610704,
          0,
          -0.54079676,
          0.1869925,
          -0.8201052,
          0,
          -6.183751,
          1.7079124,
          -14.673079,
          1
        ]
      },
      {
        "date" : 739623714.292581,
        "title" : "Untitled",
        "transform" : [
          -0.8348306,
          1.25657085e-08,
          0.550507,
          0,
          0.10294068,
          0.9823613,
          0.15610704,
          0,
          -0.54079676,
          0.1869925,
          -0.8201052,
          0,
          -7.9001904,
          3.7390423,
          -13.0781,
          1
        ]
      },
      {
        "date" : 739621470.033951,
        "title" : "Untitled",
        "transform" : [
          -0.8348306,
          1.25657085e-08,
          0.550507,
          0,
          0.10294068,
          0.9823613,
          0.15610704,
          0,
          -0.54079676,
          0.1869925,
          -0.8201052,
          0,
          -8.655786,
          4.142996,
          -12.487733,
          1
        ]
      },
      {
        "date" : 739621416.324343,
        "title" : "Untitled",
        "transform" : [
          -0.8584535,
          1.2646714e-08,
          0.5128915,
          0,
          0.08379296,
          0.9865642,
          0.14024869,
          0,
          -0.5060004,
          0.16337368,
          -0.8469196,
          0,
          -8.141432,
          3.777419,
          -12.941357,
          1
        ]
      },
      {
        "date" : 739621412.360689,
        "title" : "Untitled",
        "transform" : [
          -0.8722224,
          1.2646714e-08,
          0.48910952,
          0,
          0.07990763,
          0.98656434,
          0.14249818,
          0,
          -0.48253798,
          0.16337368,
          -0.8605035,
          0,
          -7.4703307,
          3.6989734,
          -12.788049,
          1
        ]
      },
      {
        "date" : 739621410.492722,
        "title" : "Untitled",
        "transform" : [
          -0.8722224,
          1.2646714e-08,
          0.48910952,
          0,
          0.07990763,
          0.98656434,
          0.14249818,
          0,
          -0.48253798,
          0.16337368,
          -0.8605035,
          0,
          -15.483827,
          7.6668983,
          -26.505913,
          1
        ]
      },
      {
        "date" : 739621404.71906,
        "title" : "Untitled",
        "transform" : [
          -0.8722224,
          8.087716e-09,
          0.4891095,
          0,
          0.07990763,
          0.9865643,
          0.14249818,
          0,
          -0.48253798,
          0.16337368,
          -0.8605035,
          0,
          -3.6512914,
          1.1483235,
          -10.026642,
          1
        ]
      },
      {
        "date" : 739621395.891897,
        "title" : "Untitled",
        "transform" : [
          -0.8722224,
          8.087716e-09,
          0.4891095,
          0,
          0.07990763,
          0.9865643,
          0.14249818,
          0,
          -0.48253798,
          0.16337368,
          -0.8605035,
          0,
          -2.1965668,
          1.1483325,
          -10.842395,
          1
        ]
      }
    ],
    "E1D42338-DCD0-472B-AB9F-A7FC2854182F" : [
      {
        "date" : 739632566.85824,
        "title" : "Untitled",
        "transform" : [
          0.52964455,
          1.22232695e-08,
          0.84821963,
          0,
          0.10845672,
          0.9917917,
          -0.06772246,
          0,
          -0.84125715,
          0.12786396,
          0.52529705,
          0,
          -3.4755776,
          1.0481621,
          2.916203,
          1
        ]
      },
      {
        "date" : 739632503.643166,
        "title" : "Untitled",
        "transform" : [
          0.5217266,
          1.22232695e-08,
          0.8531127,
          0,
          0.10908236,
          0.9917917,
          -0.06671005,
          0,
          -0.84611005,
          0.12786396,
          0.51744413,
          0,
          -12.461705,
          3.729229,
          10.259937,
          1
        ]
      },
      {
        "date" : 739632474.311503,
        "title" : "Untitled",
        "transform" : [
          0.5175287,
          1.22232695e-08,
          0.8556658,
          0,
          0.10940882,
          0.9917917,
          -0.066173285,
          0,
          -0.84864223,
          0.12786396,
          0.5132807,
          0,
          -24.033745,
          4.166025,
          13.5753145,
          1
        ]
      },
      {
        "date" : 739632463.523447,
        "title" : "Untitled",
        "transform" : [
          0.5175287,
          1.22232695e-08,
          0.8556658,
          0,
          0.10940882,
          0.9917917,
          -0.066173285,
          0,
          -0.84864223,
          0.12786396,
          0.5132807,
          0,
          -23.995274,
          4.166231,
          13.638864,
          1
        ]
      },
      {
        "date" : 739632389.197016,
        "title" : "Untitled",
        "transform" : [
          0.5045443,
          1.22232695e-08,
          0.8633858,
          0,
          0.11039592,
          0.9917917,
          -0.06451305,
          0,
          -0.85629886,
          0.12786396,
          0.50040287,
          0,
          -6.100885,
          1.9555382,
          7.9293485,
          1
        ]
      },
      {
        "date" : 739632205.676036,
        "title" : "Untitled",
        "transform" : [
          0.5045443,
          1.22232695e-08,
          0.8633858,
          0,
          0.11039592,
          0.9917917,
          -0.06451305,
          0,
          -0.85629886,
          0.12786396,
          0.50040287,
          0,
          -4.7562537,
          1.2816166,
          10.402507,
          1
        ]
      },
      {
        "date" : 739632126.454564,
        "title" : "Untitled",
        "transform" : [
          0.99999,
          0,
          -0.0044708103,
          0,
          -0.0023149091,
          0.855512,
          -0.5177777,
          0,
          0.0038248322,
          0.51778287,
          0.85550344,
          0,
          6.7680244,
          4.953101,
          8.00882,
          1
        ]
      },
      {
        "date" : 739628506.427262,
        "title" : "Untitled",
        "transform" : [
          0.99999,
          0,
          -0.0044708103,
          0,
          -0.0023149091,
          0.855512,
          -0.5177777,
          0,
          0.0038248322,
          0.51778287,
          0.85550344,
          0,
          7.7263083,
          4.2237716,
          8.445953,
          1
        ]
      },
      {
        "date" : 739628503.349976,
        "title" : "Untitled",
        "transform" : [
          0.99999,
          0,
          -0.0044708103,
          0,
          -0.0023149091,
          0.855512,
          -0.5177777,
          0,
          0.0038248322,
          0.51778287,
          0.85550344,
          0,
          5.505136,
          4.8952785,
          8.049462,
          1
        ]
      },
      {
        "date" : 739628484.91596,
        "title" : "Untitled",
        "transform" : [
          0.9999856,
          0,
          -0.005371068,
          0,
          -0.002781047,
          0.855512,
          -0.5177754,
          0,
          0.0045950133,
          0.51778287,
          0.8554997,
          0,
          2.6667747,
          6.193736,
          15.426071,
          1
        ]
      }
    ]
  },
  "selectedSceneRelativePath" : "DioramaAssembled.usda"
}